year,electronic,honky-tonk,indie,j-pop,kids,metal,reggae,rock,soundtracks,world-music
2000,19.0,4.0,1.0,11.0,1.0,28.0,3.0,29.0,0.0,49.0
2001,30.0,0.0,9.0,3.0,42.0,29.0,4.0,4.0,6.0,55.0
2002,28.0,0.0,14.0,51.0,2.0,13.0,4.0,33.0,0.0,36.0
2003,23.0,5.0,1.0,24.0,3.0,34.0,17.0,67.0,1.0,29.0
2004,21.0,10.0,1.0,10.0,22.0,26.0,4.0,6.0,1.0,38.0
2005,23.0,3.0,4.0,8.0,2.0,51.0,10.0,13.0,0.0,58.0
2006,23.0,5.0,13.0,13.0,3.0,48.0,4.0,12.0,7.0,41.0
2007,14.0,15.0,9.0,15.0,1.0,31.0,31.0,43.0,1.0,40.0
2008,17.0,0.0,3.0,22.0,37.0,43.0,0.0,11.0,2.0,54.0
2009,34.0,4.0,7.0,18.0,11.0,28.0,6.0,33.0,3.0,126.0
2010,46.0,24.0,2.0,50.0,5.0,30.0,9.0,6.0,10.0,28.0
2011,31.0,3.0,0.0,23.0,15.0,52.0,7.0,28.0,1.0,62.0
2012,40.0,5.0,4.0,64.0,28.0,24.0,3.0,34.0,5.0,148.0
2013,93.0,12.0,18.0,51.0,23.0,77.0,21.0,33.0,8.0,82.0
2014,71.0,3.0,10.0,32.0,50.0,28.0,3.0,17.0,13.0,124.0
2015,69.0,5.0,17.0,31.0,49.0,54.0,6.0,16.0,29.0,80.0
2016,47.0,2.0,28.0,108.0,33.0,64.0,34.0,27.0,16.0,187.0
2017,116.0,0.0,72.0,90.0,159.0,47.0,7.0,15.0,60.0,128.0
2018,162.0,6.0,53.0,62.0,144.0,63.0,26.0,49.0,21.0,119.0
2019,163.0,94.0,66.0,67.0,116.0,73.0,22.0,102.0,53.0,97.0
2020,170.0,156.0,49.0,69.0,104.0,57.0,14.0,53.0,60.0,198.0
2021,148.0,12.0,47.0,95.0,105.0,96.0,46.0,92.0,182.0,215.0
2022,343.0,13.0,110.0,168.0,43.0,258.0,134.0,170.0,84.0,320.0
2023,491.0,220.0,74.0,80.0,157.0,426.0,152.0,193.0,25.0,731.0
